#VESTA_FORMAT_VERSION 3.5.0


CRYSTAL

TITLE
k1 nb1 o3                               

GROUP
1 1 P 1
SYMOP
 0.000000  0.000000  0.000000  1  0  0   0  1  0   0  0  1   1
 -1.0 -1.0 -1.0  0 0 0  0 0 0  0 0 0
TRANM 0
 0.500000  0.500000  0.498740  1  0  0   0  1  0   0  0  1
LTRANSL
 -1
 0.000000  0.000000  0.000000  0.000000  0.000000  0.000000
LORIENT
 -1   0   0   0   0
 1.000000  0.000000  0.000000  1.000000  0.000000  0.000000
 0.000000  0.000000  1.000000  0.000000  0.000000  1.000000
LMATRIX
 1.000000  0.000000  0.000000  0.000000
 0.000000  1.000000  0.000000  0.000000
 0.000000  0.000000  1.000000  0.000000
 0.000000  0.000000  0.000000  1.000000
 0.000000  0.000000  0.000000
CELLP
  3.969520   3.969523   4.058632  90.000000  90.000000  90.000000
  0.000000   0.000000   0.000000   0.000000   0.000000   0.000000
STRUC
  1  K          K1  1.0000   0.000000   0.000000   0.999997    1a       1
                            0.000000   0.000000   0.000000  0.00
  2 Nb         Nb1  1.0000   0.500000   0.500000   0.514364    1a       1
                            0.000000   0.000000   0.000000  0.00
  3  O          O1  1.0000   0.000000   0.500000   0.476522    1a       1
                            0.000000   0.000000   0.000000  0.00
  4  O          O2  1.0000   0.500000   0.000000   0.476522    1a       1
                            0.000000   0.000000   0.000000  0.00
  5  O          O3  1.0000   0.500000   0.500000   0.973695    1a       1
                            0.000000   0.000000   0.000000  0.00
  0 0 0 0 0 0 0
THERI 0
  1          K1  1.000000
  2         Nb1  1.000000
  3          O1  1.000000
  4          O2  1.000000
  5          O3  1.000000
  0 0 0
SHAPE
  0       0       0       0   0.000000  0   192   192   192   192
BOUND
       0        3         0        3         0        3
  0   0   0   0  0
SBOND
  1    Nb     O    0.00000    2.45329  0  1  1  0  1  0.250  2.000 127 127 127
  0 0 0 0
SITET
  1          K1  2.3500 255 255 255 161  33 246 100  0
  2         Nb1  1.4700  44  71 175  25   0 255 100  0
  3          O1  0.7400 254   3   0 254   3   0 100  0
  4          O2  0.7400 254   3   0 254   3   0 100  0
  5          O3  0.7400 254   3   0 254   3   0 100  0
  0 0 0 0 0 0
VECTR
 0 0 0 0 0
VECTT
 0 0 0 0 0
SPLAN
  0   0   0   0
LBLAT
 -1
LBLSP
 -1
DLATM
 -1
DLBND
 -1
DLPLY
 -1
PLN2D
  0   0   0   0
ATOMT
  1          K  2.3500 255 255 255 161  33 246 100
  2         Nb  1.4700  44  71 175  25   0 255 100
  3          O  0.7400 254   3   0 254   3   0 100
  0 0 0 0 0 0
SCENE
-0.145587 -0.732465  0.665056  0.000000
 0.955637 -0.278091 -0.097079  0.000000
 0.256053  0.621418  0.740457  0.000000
 0.000000  0.000000  0.000000  1.000000
  0.000   0.000
  0.000
  0.398
HBOND 0 2

STYLE
DISPF 37753794
MODEL   2  1  0
SURFS   0  1  1
SECTS  96  1
FORMS   0  1
ATOMS   0  0  1
BONDS   1
POLYS   1
VECTS 1.000000
FORMP
  1  1.0   0   0   0
ATOMP
 24  24   0  50  2.0   0
BONDP
  1  16  0.250  2.000 127 127 127
POLYP
 100 1  1.000 180 180 180
ISURF
  0   0   0   0
TEX3P
  1  0.00000E+00  1.00000E+00
SECTP
  1  0.00000E+00  1.00000E+00  0.00000E+00 -0.00000E+00  0.00000E+00  0.00000E+00
CONTR
 0.1 -1 1 1 10 -1 2 5
 2 1 2 1
   0   0   0
   0   0   0
   0   0   0
   0   0   0
HKLPP
 192 1  1.000 255   0 255
UCOLP
   0   1  1.000   0   0   0
COMPS 1
LABEL 1    12  1.000 0
PROJT 0  0.962
BKGRC
 255 255 255
DPTHQ 1 -0.5000  3.5000
LIGHT0 1
 0.960624 -0.028347  0.276403  0.000000
 0.001355  0.995248  0.097359  0.000000
-0.277850 -0.093150  0.956098  0.000000
 0.000000  0.000000  0.000000  1.000000
 0.000000  0.000000 20.000000  0.000000
 0.000000  0.000000 -1.000000
  26  26  26 255
 179 179 179 255
 255 255 255 255
LIGHT1
 1.000000  0.000000  0.000000  0.000000
 0.000000  1.000000  0.000000  0.000000
 0.000000  0.000000  1.000000  0.000000
 0.000000  0.000000  0.000000  1.000000
 0.000000  0.000000 20.000000  0.000000
 0.000000  0.000000 -1.000000
   0   0   0   0
   0   0   0   0
   0   0   0   0
LIGHT2
 1.000000  0.000000  0.000000  0.000000
 0.000000  1.000000  0.000000  0.000000
 0.000000  0.000000  1.000000  0.000000
 0.000000  0.000000  0.000000  1.000000
 0.000000  0.000000 20.000000  0.000000
 0.000000  0.000000 -1.000000
   0   0   0   0
   0   0   0   0
   0   0   0   0
LIGHT3
 1.000000  0.000000  0.000000  0.000000
 0.000000  1.000000  0.000000  0.000000
 0.000000  0.000000  1.000000  0.000000
 0.000000  0.000000  0.000000  1.000000
 0.000000  0.000000 20.000000  0.000000
 0.000000  0.000000 -1.000000
   0   0   0   0
   0   0   0   0
   0   0   0   0
ATOMM
 204 204 204 255
  25.600
BONDM
 255 255 255 255
 128.000
POLYM
 255 255 255 255
 128.000
SURFM
   0   0   0 255
 128.000
FORMM
 255 255 255 255
 128.000
HKLPM
 255 255 255 255
 128.000
